[header]
width=60
height=60
tilewidth=16
tileheight=16
orientation=orthogonal
background_color=0,0,0,255

[tilesets]
tileset=F:/Leo/Games/cs3113hw-master/HW4/HW4/cs3113-master/NYUCodebase/dirt-tiles.png,16,16,0,0

[layer]
type=Tile Layer 1
data=
0,0,0,0,0,0,0,0,0,0,0,0,0,0,0,0,0,0,0,0,0,0,0,0,0,0,0,0,0,0,0,0,0,0,0,0,0,0,0,0,0,0,0,0,0,0,0,0,0,0,0,0,0,0,0,0,0,0,0,0,
0,0,0,0,0,0,0,0,0,0,0,0,0,0,0,0,0,0,0,0,0,0,0,0,0,0,0,0,0,0,0,0,0,0,0,0,0,0,0,0,0,0,0,0,0,0,0,0,0,0,0,0,0,0,0,0,0,0,0,0,
0,0,0,0,0,0,0,0,0,0,0,0,0,0,0,0,0,0,0,0,0,0,0,0,0,0,0,0,0,0,0,0,0,0,0,0,0,0,0,0,0,0,0,343,343,343,343,343,343,343,343,343,343,343,343,343,343,343,343,0,
0,0,0,0,0,0,0,0,0,0,112,112,112,112,112,112,112,112,112,112,112,112,112,112,112,112,112,112,112,112,112,112,343,343,343,343,343,343,343,343,343,343,343,343,343,343,343,343,343,343,343,343,343,343,343,343,343,343,343,0,
0,0,0,0,0,0,0,0,0,44,0,0,0,0,0,0,0,0,0,0,0,0,0,0,0,0,0,0,0,0,0,0,343,343,343,343,343,343,343,343,343,343,343,343,343,343,343,343,343,343,343,343,343,343,343,343,343,343,343,0,
0,0,0,0,0,0,0,0,0,68,0,0,0,0,0,0,0,0,0,0,0,0,0,0,0,0,0,0,0,0,0,0,343,343,343,343,343,343,343,343,343,343,343,343,343,343,343,343,343,343,343,343,343,343,343,343,343,343,343,343,
0,0,0,0,0,0,0,0,0,92,0,0,0,0,0,0,0,0,0,0,0,0,0,0,0,0,0,0,0,0,0,0,343,343,343,343,343,343,343,343,343,343,343,343,343,343,343,343,343,343,343,343,343,343,343,343,343,343,343,343,
0,0,0,0,0,0,0,0,0,67,0,0,0,0,0,0,0,0,0,0,0,0,0,0,0,0,0,0,0,0,0,0,343,343,343,343,343,343,343,343,343,343,343,343,343,343,343,343,343,343,343,343,343,343,343,343,343,343,343,343,
0,0,0,0,0,0,0,0,0,67,0,0,0,0,0,0,0,0,0,0,0,0,0,0,0,0,0,0,0,0,0,0,343,343,343,343,343,343,343,343,343,343,343,343,343,343,343,343,343,343,343,343,343,343,343,343,343,343,343,343,
0,0,0,0,0,0,0,0,0,67,0,0,0,0,0,0,0,0,0,0,0,0,0,0,0,0,0,0,0,0,0,0,343,343,343,343,343,343,343,343,343,343,343,343,343,343,343,343,343,343,343,343,343,343,343,343,343,343,343,343,
0,0,0,0,0,0,0,0,0,67,0,0,0,0,0,0,0,0,0,0,0,0,0,0,0,0,0,0,0,0,0,0,343,343,343,343,343,343,343,343,343,343,343,343,343,343,343,343,343,343,343,343,343,343,343,343,343,343,343,343,
0,0,0,0,0,0,0,0,0,67,0,0,0,0,0,0,0,0,0,0,0,0,0,0,0,0,0,0,0,0,0,0,343,343,343,343,343,343,343,343,343,343,343,343,343,343,343,343,343,343,343,343,343,343,343,343,343,343,343,343,
0,0,0,0,0,0,0,0,0,67,0,0,0,0,0,0,0,0,0,0,0,0,0,0,0,0,0,0,0,0,0,0,343,343,343,343,343,343,343,343,343,343,343,343,343,343,343,343,343,343,343,343,343,343,343,343,343,343,343,343,
0,0,0,0,0,0,0,0,0,67,0,0,0,0,0,0,0,0,0,0,0,0,0,0,0,0,0,0,0,0,0,0,343,343,343,343,343,343,343,343,343,343,343,343,343,343,343,343,343,343,343,343,343,343,343,343,343,343,343,343,
0,0,0,0,0,0,0,0,0,67,0,0,0,0,0,0,0,0,0,0,0,0,0,0,0,0,0,0,0,0,0,0,343,343,343,343,343,343,343,343,343,343,343,343,343,343,343,343,343,343,343,343,343,343,343,343,343,343,343,343,
0,0,0,0,0,0,0,0,0,67,0,0,0,0,0,0,0,0,0,0,0,0,0,0,0,0,0,0,0,0,0,0,343,343,343,343,343,343,343,343,343,343,343,343,343,343,343,343,343,343,343,343,343,343,343,343,343,343,343,343,
0,0,0,0,0,0,0,0,0,67,0,0,0,0,0,0,0,0,0,0,0,0,0,0,0,0,0,0,0,0,0,0,343,343,343,343,343,343,343,343,343,343,343,343,343,343,343,343,343,343,343,343,343,343,343,343,343,343,343,343,
0,0,0,0,0,0,0,0,0,67,0,0,0,0,0,0,0,0,0,0,0,0,0,0,0,0,0,0,0,0,0,0,343,343,343,343,343,343,343,343,343,343,343,343,343,343,343,343,343,343,343,343,343,343,343,343,343,343,343,343,
0,0,0,0,0,0,0,0,0,67,0,0,0,0,0,0,0,0,0,0,0,0,0,0,0,0,0,0,0,0,0,0,343,343,343,343,343,343,343,343,343,343,343,343,343,343,343,343,343,343,343,343,343,343,343,343,343,343,343,343,
0,0,0,0,0,0,0,0,0,67,0,0,0,0,0,0,0,0,0,0,0,0,0,0,0,0,0,0,0,0,0,0,343,343,343,343,343,343,343,343,343,343,343,343,343,343,343,343,343,343,343,343,343,343,343,343,343,343,343,343,
0,0,0,0,0,0,0,0,0,67,0,0,0,0,0,0,0,0,0,0,0,0,0,0,0,0,0,0,0,0,0,0,343,343,343,343,343,343,343,343,343,343,343,343,343,343,343,343,343,343,343,343,343,343,343,343,343,343,343,343,
0,0,0,0,0,0,0,0,0,67,0,0,0,0,0,0,0,0,0,0,0,0,0,0,0,0,0,0,0,0,0,0,343,343,343,343,343,343,343,343,343,343,343,343,343,343,343,343,343,343,343,343,343,343,343,343,343,343,343,343,
0,0,0,0,0,21,22,23,24,67,0,0,0,0,0,0,0,0,0,0,0,0,0,0,0,0,0,0,0,0,0,0,314,159,159,159,159,159,159,159,343,343,343,343,343,343,343,343,343,343,343,343,343,343,343,343,343,343,343,343,
0,0,0,0,0,45,46,47,48,67,0,0,0,0,0,0,0,0,0,0,0,0,0,0,0,0,0,0,0,0,0,0,314,159,159,159,159,159,159,159,343,343,343,343,343,343,343,343,343,343,343,343,343,343,343,343,343,343,343,343,
0,0,0,0,0,69,70,71,72,67,0,0,0,0,0,0,0,0,0,0,0,0,0,0,0,0,0,0,0,0,0,0,314,159,159,159,159,159,159,159,343,343,343,343,343,343,343,343,343,343,343,343,343,343,343,343,343,343,343,343,
0,0,0,0,0,93,94,95,96,67,0,0,0,0,0,0,0,0,0,0,0,0,0,0,0,0,0,0,0,0,0,0,314,159,159,159,159,159,159,159,343,343,343,343,343,343,343,343,343,343,343,343,343,343,343,343,343,343,343,343,
0,0,0,0,0,117,118,119,120,67,0,0,0,0,0,0,0,0,0,0,0,0,0,0,0,0,0,0,0,0,0,0,314,159,159,159,159,159,159,159,343,343,343,343,343,343,343,343,343,343,343,343,343,343,343,343,343,343,343,343,
0,0,0,0,0,211,142,143,144,67,146,0,0,0,0,0,0,0,0,0,0,0,0,0,0,0,0,0,0,0,0,0,314,159,159,159,159,159,159,159,343,343,343,343,343,343,343,343,343,343,343,343,343,343,343,343,343,343,343,343,
113,114,115,116,0,235,166,167,168,67,170,0,0,0,0,0,0,0,0,0,0,0,0,0,0,0,0,0,0,0,0,0,314,159,159,159,159,159,159,159,343,343,343,343,343,343,343,343,343,343,343,343,343,343,343,343,343,343,343,343,
52,52,52,52,52,52,52,52,51,159,159,159,159,0,100,0,0,0,0,0,0,0,0,0,0,0,0,0,0,0,0,0,338,367,367,367,340,314,159,159,343,343,343,343,343,343,343,343,343,343,343,343,343,343,343,343,343,343,343,343,
63,63,63,63,63,63,63,63,63,159,159,159,159,0,0,0,0,0,0,0,0,0,0,0,0,0,0,0,0,0,0,0,0,0,0,0,0,314,159,159,343,343,343,343,343,343,343,343,343,343,343,343,343,343,343,343,343,343,343,343,
63,63,63,63,63,63,63,63,63,159,159,159,159,0,0,0,0,0,0,0,0,0,0,0,0,0,0,0,0,0,0,0,0,0,0,0,0,314,159,159,343,343,343,343,343,343,343,343,343,343,343,343,343,343,343,343,343,343,343,343,
63,63,63,63,63,63,63,63,63,159,159,159,159,319,319,319,319,0,0,0,0,0,0,0,0,0,0,0,0,0,0,0,0,0,0,0,0,314,159,159,343,343,343,343,343,343,343,343,343,343,343,343,343,343,343,343,343,343,343,343,
63,63,63,63,63,63,63,63,63,159,159,159,159,159,159,159,159,0,0,100,0,0,0,0,0,0,0,0,0,0,0,0,0,0,0,0,0,314,159,159,343,343,343,343,343,343,343,343,343,343,343,343,343,343,343,343,343,343,343,343,
63,63,63,63,63,63,63,63,63,159,159,159,159,159,159,159,159,0,0,0,0,0,0,0,0,0,0,0,0,0,0,0,0,0,0,0,0,314,159,159,343,343,343,343,343,343,343,343,343,343,343,343,343,343,343,343,343,343,343,343,
63,63,63,63,63,63,63,63,63,159,343,343,343,159,159,159,159,0,0,0,0,100,100,0,0,0,0,0,0,0,0,0,0,0,0,0,0,314,159,159,343,343,343,343,343,343,343,343,343,343,343,343,343,343,343,343,343,343,343,343,
343,63,63,63,63,343,343,343,343,343,343,343,343,159,159,159,159,0,0,0,0,0,0,0,0,0,0,0,0,0,0,0,0,0,0,0,0,314,159,159,343,343,343,343,343,343,343,343,343,343,343,343,343,343,343,343,343,343,343,343,
343,343,343,343,343,343,343,343,343,343,343,343,343,159,159,159,159,0,0,0,0,0,0,0,102,102,102,102,102,0,0,0,0,0,0,0,0,314,159,159,343,343,343,343,343,343,343,343,343,343,343,343,343,343,343,343,343,343,343,343,
343,343,343,343,343,343,343,343,343,343,343,343,343,343,343,343,159,0,0,0,0,0,0,0,0,0,0,0,102,0,0,0,0,0,0,0,0,314,159,159,159,159,159,159,159,343,343,343,343,343,343,343,343,343,343,343,343,343,343,343,
343,343,343,343,343,343,343,343,343,343,343,343,343,343,343,343,159,0,0,0,0,0,0,0,0,0,0,0,0,0,0,0,0,0,0,0,0,338,367,367,367,367,159,159,159,343,343,343,343,343,343,343,343,343,343,343,343,343,343,343,
343,343,343,343,343,343,343,343,343,343,343,343,343,343,343,343,159,319,319,319,0,0,0,0,0,0,0,0,0,0,100,0,0,0,0,0,0,0,0,0,0,314,159,159,159,343,343,343,343,343,343,343,343,343,343,343,343,343,343,343,
343,343,343,343,343,343,343,343,343,343,343,343,343,343,343,343,159,159,159,159,0,0,0,0,0,0,0,0,0,0,100,0,0,0,0,0,0,0,0,0,0,314,159,159,159,343,343,343,343,343,343,343,343,343,343,343,343,343,343,343,
343,343,343,343,343,343,343,343,343,343,343,343,343,343,343,343,159,159,159,159,0,0,0,0,0,0,0,0,0,0,100,0,0,0,0,0,0,0,0,0,0,314,159,159,159,159,343,343,343,343,343,343,343,343,343,343,343,343,343,343,
343,343,343,343,343,343,343,343,343,343,343,343,343,343,343,343,159,159,159,159,0,0,0,0,0,0,0,0,0,0,100,0,0,0,0,0,0,0,0,0,0,314,159,159,159,159,343,343,343,343,343,343,343,343,343,343,343,343,343,343,
343,343,343,343,343,343,343,343,343,343,343,343,343,343,343,343,159,159,159,159,0,0,0,0,0,0,0,0,0,0,0,0,126,126,126,0,0,0,0,0,0,314,159,159,159,159,343,343,343,343,343,343,343,343,343,343,343,343,343,343,
343,343,343,343,343,343,343,343,343,343,343,343,343,343,343,343,159,159,159,159,174,176,176,175,0,0,0,0,0,0,0,0,0,0,0,0,0,0,0,0,0,314,159,159,159,159,343,343,343,343,343,343,343,343,343,343,343,343,343,343,
343,343,343,343,343,343,343,343,343,343,343,343,343,343,343,343,159,159,159,159,319,319,319,319,0,0,0,0,0,0,0,0,0,0,0,126,0,0,0,0,0,314,159,159,159,159,343,343,343,343,343,343,343,343,343,343,343,343,343,343,
343,343,343,343,343,343,343,343,343,343,343,343,343,343,343,343,343,343,343,159,159,159,159,159,0,0,0,0,0,0,0,0,0,0,0,0,0,0,0,0,0,314,159,159,159,159,343,343,343,343,343,343,343,343,343,343,343,343,343,343,
343,343,343,343,343,343,343,343,343,343,343,343,343,343,343,343,343,343,343,159,159,159,159,159,0,0,0,0,0,0,0,0,0,0,0,126,126,0,0,0,0,314,159,159,159,159,343,343,343,343,343,343,343,343,343,343,343,343,343,343,
343,343,343,343,343,343,343,343,343,343,343,343,343,343,343,343,343,343,343,159,159,159,159,159,0,0,0,0,0,0,0,0,0,0,0,0,0,0,0,0,0,314,159,159,159,159,343,343,343,343,343,343,343,343,343,343,343,343,343,343,
343,343,343,343,343,343,343,343,343,343,343,343,343,343,343,343,343,343,343,159,159,159,159,159,0,0,0,0,0,0,0,0,0,0,0,0,0,0,0,0,0,314,159,159,343,343,343,343,343,343,343,343,343,343,343,343,343,343,343,343,
343,343,343,343,343,343,343,343,343,343,343,343,343,343,343,343,343,343,343,159,159,159,159,159,0,0,0,0,0,0,0,0,0,0,0,0,0,0,0,0,0,314,159,159,343,343,343,343,343,343,343,343,343,343,343,343,343,343,343,343,
343,343,343,343,343,343,343,343,343,343,343,343,343,343,343,343,343,343,343,343,343,159,159,159,319,319,319,319,319,319,319,319,319,319,319,319,319,319,319,319,319,317,159,159,343,343,343,343,343,343,343,343,343,343,343,343,343,343,343,343,
343,343,343,343,343,343,343,343,343,343,343,343,343,343,343,343,343,343,343,343,343,159,159,159,159,159,159,159,159,159,159,159,159,159,159,159,159,159,159,159,159,159,159,159,343,343,343,343,343,343,343,343,343,343,343,343,343,343,343,343,
343,343,343,343,343,343,343,343,343,343,343,343,343,343,343,343,343,343,343,343,343,159,159,159,159,159,159,159,159,159,159,159,159,159,159,159,159,159,159,159,159,159,159,159,343,343,343,343,343,343,343,343,343,343,343,343,343,343,343,343,
343,343,343,343,343,343,343,343,343,343,343,343,343,343,343,343,343,343,343,343,343,159,159,159,159,159,159,159,159,159,159,159,159,159,159,159,159,159,159,159,159,159,159,159,343,343,343,343,343,343,343,343,343,343,343,343,343,343,343,343,
351,351,351,343,343,343,343,343,343,343,343,343,343,343,343,343,343,343,343,343,343,343,343,343,343,343,343,343,343,343,343,343,343,343,343,343,343,343,343,343,343,343,343,343,343,343,343,343,343,343,343,343,343,343,343,343,343,343,343,343,
351,351,351,343,343,343,343,343,343,343,343,343,343,343,343,343,343,343,343,343,343,343,343,343,343,343,343,343,343,343,343,343,343,343,343,343,343,343,343,343,343,343,343,343,343,343,343,343,343,343,343,343,343,343,343,343,343,343,343,343,
351,351,351,343,343,343,343,343,343,343,343,343,343,343,343,343,343,343,343,343,343,343,343,343,343,343,343,343,343,343,343,343,343,343,343,343,343,343,343,343,343,343,343,343,343,343,343,343,343,343,343,343,343,343,343,343,343,343,343,343,
351,351,351,343,343,343,343,343,343,343,343,343,343,343,343,343,343,343,343,343,343,343,343,343,343,343,343,343,343,343,343,343,343,343,343,343,343,343,343,343,343,343,343,343,343,343,343,343,343,343,343,343,343,343,343,343,343,343,343,343

[objects]
# Enemy
type=Enemy
location=27,33,1,1

[objects]
# Enemy
type=Enemy
location=18,30,1,1

[objects]
# Enemy
type=Enemy
location=26,42,1,1

[objects]
# Enemy
type=Enemy
location=31,42,1,1

[objects]
# Enemy
type=Enemy
location=32,47,1,1

[objects]
# Enemy
type=Enemy
location=37,47,1,1

[objects]
# Enemy
type=Enemy
location=28,44,1,1

[objects]
# Enemy
type=Enemy
location=28,28,1,1

[objects]
# Enemy
type=Enemy
location=19,25,1,1

[objects]
# Player
type=Player
location=38,50,1,1

[objects]
# Enemy
type=Enemy
location=15,29,1,1

[objects]
# Enemy
type=Enemy
location=14,27,1,1

[objects]
# Enemy
type=Enemy
location=17,38,1,1

[objects]
# Enemy
type=Enemy
location=26,36,1,1

[objects]
# Enemy
type=Enemy
location=28,36,1,1

[objects]
# Enemy
type=Enemy
location=28,49,1,1

